<!-- Written with Janus VR.  URL: file:///C:/Program Files/janusvr_updater/JanusVR_Win64/workspace/vr.lullabot.com/index.html -->
<html>
<head>
<title></title>
</head>
<body>
<FireBoxRoom>
<Assets>
<AssetObject id="lullabot-head" src="lullabot-head.dae" />
<AssetObject id="tree1" src="tree_low-poly-single-trunk.dae" />
<AssetObject id="landscape" src="first-landscape.dae" />
<AssetObject id="tree2" src="tree_low-poly-double-trunk.dae" />
<AssetObject id="water" src="http://www.janusvr.com/home2/objects/waterobject.obj" tex0="http://www.janusvr.com/home2/other/fount.png" />
<AssetObject id="clouds" src="clouds.dae" />
<AssetShader id="water_shader" src="http://www.janusvr.com/home2/shaders/watershaderT.txt" vertex_src="http://www.janusvr.com/home2/shaders/water_vertex.txt" />
</Assets>
<Room pos="1 0 -1" xdir="1 0 0" ydir="0 1 0" zdir="0 0 1">
<Object id="landscape" js_id="0" pos="0 -11 54" scale="10 10 10" collision_id="landscape" />
<Object id="lullabot-head" js_id="1" pos="-2 -4 17" xdir="-0.866025 -0.000001 -0.500001" ydir="0 1 -0.000001" zdir="0.500001 -0.000001 -0.866025" collision_id="lullabot-head" />
<Object id="water" js_id="2" pos="0 -11 67" xdir="-1 0 0" ydir="0 0 -1" zdir="0 -1 0" scale="15 15 1" col="#7f7f7f" shader_id="water_shader" blend_src="dst_color" blend_dest="dst_alpha" />
<Object id="tree1" js_id="sirkitree-2-1457323425" pos="17 -9 53" xdir="0 -0 1" ydir="0.000001 1 0" zdir="-1 0.000001 0" collision_id="tree1" />
<Object id="tree1" js_id="sirkitree-3-1457323429" pos="18.86496 -7.387161 57.767521" xdir="-0 0 1" ydir="0.000001 1 -0" zdir="-1 0.000001 -0" collision_id="tree1" />
<Object id="tree1" js_id="sirkitree-4-1457323431" pos="16.222858 -7.780938 74.688614" xdir="-1 0.000001 0" ydir="0.000001 1 0" zdir="-0 0 -1" collision_id="tree1" />
<Object id="tree1" js_id="sirkitree-5-1457323433" pos="12.994109 -8.907623 82.354012" xdir="-0.710104 -0.071683 0.700438" ydir="-0.027365 0.996862 0.074276" zdir="-0.703565 0.033576 -0.709837" collision_id="tree1" />
<Object id="tree1" js_id="sirkitree-6-1457323434" pos="15.677748 -8.235039 79.67128" xdir="-1 0.000001 0" ydir="0.000001 1 0" zdir="-0 0 -1" collision_id="tree1" />
<Object id="tree1" js_id="sirkitree-7-1457323438" pos="-10 -6.8 44" xdir="1 0.000001 0" ydir="-0.000001 1 0" collision_id="tree1" />
<Object id="tree1" js_id="sirkitree-8-1457323440" pos="-3.5 -7.6 42.600002" xdir="1 0 -0" ydir="-0 1 0" zdir="0 -0 1" collision_id="tree1" />
<Object id="tree2" js_id="sirkitree-10-1457323468" pos="10.217968 -9.310104 45.043224" xdir="-0.124322 0.043275 0.991298" ydir="0.066478 0.997167 -0.035194" zdir="-0.990012 0.061524 -0.126847" collision_id="tree2" />
<Object id="tree2" js_id="sirkitree-11-1457323470" pos="17.605696 -6.628239 64.344391" xdir="0 0.000001 1" ydir="-0 1 -0.000001" zdir="-1 -0 0" collision_id="tree2" />
<Object id="tree2" js_id="sirkitree-12-1457323472" pos="5.572273 -9.793411 85.033638" xdir="-0 -0 1" ydir="0.000001 1 0" zdir="-1 0.000001 0" collision_id="tree2" />
<Object id="tree2" js_id="sirkitree-13-1457323475" pos="-7.872423 -9.976265 84.367172" xdir="-1 0.000001 0" ydir="0.000001 1 0" zdir="-0 0 -1" collision_id="tree2" />
<Object id="tree2" js_id="sirkitree-14-1457323701" pos="16.143589 -7.882289 78.657463" xdir="-0 0 1" ydir="0.000001 1 -0" zdir="-1 0.000001 -0" collision_id="tree2" />
</Room>
</FireBoxRoom>
</body>
</html>